67
67
65
64
68
68
65
64
64
64
65
68
64
64
64
64
65
64
64
64
69
69
67
70
66
66
66
67
70
69
66
68
65
70
67
63
70
66
68
66
89
87
87
89
89
89
89
89
88
89
89
88
88
89
89
87
88
87
89
89
55
55
52
51
51
51
51
51
54
52
55
55
53
51
52
53
54
52
55
52
69
73
71
71
70
71
72
74
74
72
69
70
70
75
74
71
69
69
70
71
61
60
62
61
62
61
61
60
61
60
62
62
60
60
62
61
60
62
61
60
92
91
92
89
91
91
87
92
88
89
91
89
90
91
90
87
86
91
90
89
70
63
68
63
70
67
66
64
65
64
62
65
66
62
62
66
63
69
66
67
72
71
70
63
73
66
70
66
66
69
68
64
71
72
71
73
64
66
73
66
75
74
72
72
73
74
74
73
76
70
71
75
74
70
71
71
75
71
76
74
51
46
46
43
52
47
51
52
50
47
51
47
51
49
47
42
52
47
52
45
43
39
43
41
38
37
37
39
38
38
38
38
38
37
40
42
39
39
40
40
84
82
75
79
85
76
85
77
76
84
75
78
84
85
82
83
85
80
79
75
76
81
86
85
86
78
83
78
77
80
85
82
82
81
78
81
86
78
76
83
52
51
51
52
52
48
52
50
52
50
48
49
49
49
51
51
50
52
50
51
60
58
58
59
58
58
59
60
59
60
59
58
59
58
60
59
59
59
58
60
79
79
74
81
73
78
80
79
77
73
78
73
79
80
77
73
79
75
80
81
48
50
44
46
45
45
46
50
47
44
45
49
46
46
50
49
44
45
49
48
69
69
71
70
69
71
69
71
69
71
69
69
69
71
71
71
70
69
69
70
69
68
69
70
70
68
69
68
69
70
68
70
68
69
70
68
69
68
69
70
53
52
52
54
53
54
56
55
55
56
54
54
56
53
55
55
56
52
53
53
46
46
42
47
47
47
47
44
47
47
46
48
43
46
48
45
43
46
42
42
76
74
68
76
78
77
69
69
77
73
74
74
68
78
68
78
70
68
68
75
53
52
57
54
60
50
59
59
56
51
54
55
52
52
60
53
60
59
54
52
58
58
52
55
54
53
56
55
53
52
55
53
53
55
53
53
56
58
54
54
49
46
48
52
47
51
44
49
50
46
47
44
52
50
45
49
49
52
47
49
78
75
77
75
75
81
76
80
80
75
80
77
77
82
76
74
77
80
75
76
80
78
76
78
79
80
76
78
79
78
77
77
76
77
76
79
76
78
80
78
54
52
53
52
53
54
54
54
54
54
54
52
53
53
52
53
54
53
54
53
90
93
84
85
93
89
85
89
84
91
85
85
86
93
89
94
90
87
89
90
48
48
49
53
47
50
51
53
50
48
48
55
47
52
53
51
45
49
47
50
88
86
86
87
87
87
90
89
86
89
90
88
88
88
86
86
90
89
90
86
43
43
44
44
41
40
41
42
44
42
40
42
40
41
42
43
41
43
43
40
61
56
61
58
57
58
65
64
61
58
62
55
65
63
60
64
65
65
63
64
51
50
50
50
53
55
55
54
49
51
55
49
54
49
52
55
51
55
55
54
63
65
61
65
65
64
65
64
65
61
65
63
62
63
62
63
63
64
63
63
41
45
45
41
43
41
39
39
42
44
46
46
46
41
46
42
46
40
46
42
61
59
59
61
61
61
60
61
61
60
59
61
60
61
60
60
59
61
61
61
55
54
50
55
56
50
58
57
54
58
57
54
51
51
56
52
52
51
56
51
42
41
39
38
38
43
43
38
39
36
38
38
43
43
41
44
43
36
42
44
84
88
87
87
88
87
88
82
82
84
83
88
85
84
86
86
88
88
85
85
89
91
91
90
91
87
89
87
87
89
91
89
87
89
89
87
91
87
88
88
78
77
78
78
76
78
77
78
76
78
78
77
77
76
76
78
77
78
76
78
62
57
61
54
53
60
60
56
54
63
56
62
57
60
60
59
58
63
55
58
63
60
61
62
65
64
64
65
63
64
58
64
63
64
64
61
58
58
63
63
71
71
70
76
70
73
76
71
71
73
74
76
71
74
72
72
76
70
74
72
89
88
80
87
90
89
88
86
86
81
88
84
89
86
85
89
89
87
81
80
60
58
59
56
58
56
58
54
54
63
64
61
55
54
60
63
64
64
59
61
80
80
82
85
84
77
81
81
85
80
78
80
79
86
77
85
81
77
80
87
48
43
44
39
43
43
48
47
46
38
39
45
48
47
40
40
45
43
46
44